% -------------------------------------------------------------------
%  Generated by MATLAB on 16-Nov-2022 11:24:34
%  MATLAB version: 9.12.0.1884302 (R2022a)
% -------------------------------------------------------------------
                               

P1 = [3283.140625; 651.24746683156513; 35.704237932288045; 138.6853492437497; ...
      88.2937450217079; 20.670813642538391; 54.9726130516479; 12.065991346781258; ...
      21.213933033612168; 13.787404434931233; 8.05623550270298; 2.512644479705215; ...
      7.0490934405905836; 13.66957783441627; 10.945423493809644; 10.314730041267747; ...
      3.3829762303456308; 7.276673647028181; 8.6931560195417372; 6.6911624054127739; ...
      6.2285181444340667; 4.911912390985492; 9.8497460726619348; 4.7402110425911452; ...
      6.0089235038217286; 4.4795605541597956; 1.7436046519059594; 15.34114267524796; ...
      2.6859287351057239; 0.34121383111825032; 3.7189859353630292; 0.98648603131769041; ...
      8.1395369343293034; 12.832194341521307; 8.4290887787488789; 6.1714056168872284; ...
      3.34482482592764; 3.07493374350677; 11.572586958430078; 2.79501197859065; ...
      3.8902144526911382; 8.28687894293296; 4.608856421959648; 6.3831133644876168; ...
      4.15291214338117; 3.4836128139152032; 9.0156825080019942; 13.152436446718484; ...
      4.0695383680416528; 9.7720611301221147; 6.3320979787673686; 3.1136171128923844; ...
      4.3490617861150724; 13.081238654105629; 13.411653861681549; 7.07454696554767; ...
      5.6892799990326379; 9.4006764951749524; 6.7013158848090217; 3.0067955960075969; ...
      13.191199600496896; 14.893517866193067; 2.809711402131414; 8.1704900299875955; ...
      10.218415514403395; 8.1776592769909726; 5.734293367625102; 21.674202342301506; ...
      4.6713718977994949; 2.0126189921098496; 10.581863707968553; 9.9795245267233579; ...
      7.2968908299868209; 2.6555564678199781; 10.649530945061208; 14.776846128715992; ...
      5.9706882236424415; 8.22592788922454; 5.8323955641975243; 14.091716246872712; ...
      3.6156546852358877; 9.1235313798101068; 9.9060767576651969; 10.338470222299851; ...
      8.45978421257009; 3.8805593722578662; 6.3542133585250244; 5.4144901959374305; ...
      6.49123526575273; 5.8918354004845606; 7.051765868671632; 1.6361531436114534; ...
      4.0939142943251605; 3.9852484392301242; 9.1433121955084236; 3.1108535601188518; ...
      4.530860868912125; 9.1511046517177679; 3.555387274341371; 3.7925232536312992; ...
      5.9919298895532673; 4.1806731439473239; 8.7086614493864012; 4.8609981698929632; ...
      1.6455680374961628; 5.5834416087335788; 6.0032411295169412; 8.228767489792725; ...
      4.2738388303444363; 3.4069019489518242; 3.6973945124641525; 5.7949492847487383; ...
      10.884850216841992; 4.56235265138101; 7.5114693969164978; 3.41729221086663; ...
      3.4344340156008704; 1.6709949745455261; 2.7816419671314936; 3.2233339447155558; ...
      1.3147601299061575; 2.7318260548289968; 4.8194023573258891; 3.2129758535280564; ...
      3.66624451310093; 4.851889245845614; 2.4893099739826727; 3.2354647580352736; ...
      ];

