% -------------------------------------------------------------------
%  Generated by MATLAB on 16-Nov-2022 11:18:54
%  MATLAB version: 9.12.0.1884302 (R2022a)
% -------------------------------------------------------------------
                                 

P1 = [3124.89453125; 17.415426471226105; 1.0907710396488988; 6.8917471534068957; ...
      1.5641171889485967; 6.7313592350456046; 1.7044287219861707; 1.3038676328221501; ...
      3.2668556326181521; 2.79013707170681; 1.6250807623977239; 0.97184169711928; ...
      0.53329833621592748; 1.1138741035671083; 2.19245548231607; 4.24997327693637; ...
      1.0839399978191619; 2.3413333748409419; 3.4679984225570246; 2.5392123664538313; ...
      2.9445756293754757; 3.0536770281289862; 3.4827083084358543; 4.1291983301145923; ...
      2.5380928937389413; 7.990884858405602; 4.2303510678202789; 3.3449163889208138; ...
      2.7178126494432622; 1.4727188729825453; 3.7151215134061886; 2.3838403540832691; ...
      2.292461497875975; 0.75023292163499278; 2.980239797413065; 5.1306995796604733; ...
      4.97540650070751; 5.2792565870496331; 4.196496322798497; 7.5214825563659566; ...
      7.9443919987682126; 1.6016422648809456; 2.1703068359485838; 2.428495444324414; ...
      3.422402992930611; 6.05674088718867; 3.2664221358541612; 6.3901506322610988; ...
      2.5545292700010829; 1.5420893170955456; 5.1804365958935179; 3.91809799665819; ...
      4.9864201384180005; 6.98014156698396; 3.310652275442957; 6.1488951470287327; ...
      1.3061855345727011; 4.3507742518714307; 1.6331246230378174; 7.2189628773473791; ...
      1.095590381332836; 6.480237545159488; 0.60794322120794275; 5.0311991698147436; ...
      8.2610492119361716; 1.691445127243715; 5.5672679309376; 6.11395292778229; ...
      1.6865344583487254; 1.0784858707835614; 5.1682176066480769; 1.481741352335902; ...
      3.6783693122511258; 4.8839219105934308; 1.4153094117700193; 9.2340395768026173; ...
      2.1378667735266861; 5.0340363720785088; 7.5845906030652266; 5.2926186429457118; ...
      2.8370050922385914; 4.4096751878845932; 4.2830672225763129; 4.3153489154519926; ...
      1.4808283736355619; 1.3210274015720214; 2.5474834217756896; 7.2710451354922556; ...
      3.2839940818115094; 2.0159707798093511; 8.3653792608041275; 3.7708052875430309; ...
      8.5200147309330738; 3.780355018503017; 3.438096575685635; 2.0184530411209916; ...
      3.1573120378248558; 1.43192174395894; 6.2864453163450706; 5.1185178195619212; ...
      4.1401616807060417; 3.1452239080430919; 1.2856117567892809; 0.32411044199243505; ...
      6.6920551046137149; 3.9513230920577955; 4.6267874995908329; 1.8076959900227905; ...
      4.6174302772322928; 4.1755810845431158; 3.3979619289680336; 3.8635671756798833; ...
      3.7380182215410391; 2.6279255524164866; 5.6633676383148543; 1.8505295639166461; ...
      2.6823094356011614; 8.91096363982568; 1.0409167461071456; 1.1489764880190907; ...
      5.5109406129029592; 1.4670186210656526; 2.2190630858748168; 1.9849579840180647; ...
      2.4306643503609404; 2.6575651672456431; 1.9762243436143119; 1.0065478181016498; ...
      ];

